blockNumber,timeStamp,hash,nonce,blockHash,transactionIndex,from,to,value,gas,gasPrice,isError,txreceipt_status,input,contractAddress,cumulativeGasUsed,gasUsed,confirmations,methodId,functionName
18121925,1694541983,0x112ad176d162ec2c035e2ad788a982390691ec370135e0eb2121412ee31df872,0,0x0b97fad18a5a237e96e8439550209f912a58bda59e0293441ebde8bbe3b3d3af,3,0xe6c43632b0d657ebb7b9352bd18c7ce79ce1221c,0x910ca28755b776a7acd02503b3b405f7a48874ba,11600000000000000000000,21000,154735036882,0,1,0x,,84000,21000,2009365,0x,
18893524,1703880743,0x2f7273955b4fe8924d67031aee2d95ea665d58fd4ff3e1652e92082b1ffd6fae,0,0x7e1b1c4a9be23f1e0cd977510fce539d9f6bb369fde8abdb1cede85df8d7e417,137,0x910ca28755b776a7acd02503b3b405f7a48874ba,0xc451f2f0a9348a6bc1c483ad0ca46d7bc872d628,5000000000000000,21000,74930219002,0,1,0x,,15097985,21000,1237766,0x,
18893537,1703880899,0xff46e2eda3d6f6d20799323b8cc886b1f61baf21ef8a6c99b5b62d7de6cf5a48,42402,0xbbe596ed41f99ab36c3c8085d7ef99db66be950adaa91a64fb165282627c0e52,101,0xa86309988947559b6e72ef716c5058f479386c0f,0x910ca28755b776a7acd02503b3b405f7a48874ba,1573534599042000,90000,19635723372,0,1,0x,,7254700,21000,1237753,0x,
